8.671318692399511766e-03 -3.205477205468701494e-03 -1.099980298205658312e-02 -2.662176253118331889e-03 -1.117970468850438756e-02 2.334849394579014380e-03 1.659526828045234173e-02 7.426893895554595275e-03
-3.205477205468701494e-03 -3.004614554928828219e-03 2.014678010372429693e-03 -3.722938850980271781e-03 -4.501046394206658502e-03 1.221670774292327524e-02 4.064172447475904865e-03 5.939173095809879843e-03
-1.099980298205658312e-02 2.014678010372429693e-03 2.342861329938468375e-03 -1.343754650003466805e-03 4.940072867235046142e-03 -1.764643120781078265e-03 9.876121694512549759e-03 2.136165889335403262e-03
-2.662176253118331889e-03 -3.722938850980271781e-03 -1.343754650003466805e-03 1.616252262779901624e-02 -7.042970554208339770e-03 -2.045870786733327770e-03 2.465512495531438798e-03 2.014027279644473208e-03
-1.117970468850438756e-02 -4.501046394206658502e-03 4.940072867235046142e-03 -7.042970554208339770e-03 4.921878596409916436e-03 -6.786219378652852581e-03 -8.341183144981040038e-04 -2.974548139070774463e-03
2.334849394579014380e-03 1.221670774292327524e-02 -1.764643120781078265e-03 -2.045870786733327770e-03 -6.786219378652852581e-03 -1.469550411311735041e-02 -8.320061592449058685e-03 -8.802606053127959643e-03
1.659526828045234173e-02 4.064172447475904865e-03 9.876121694512549759e-03 2.465512495531438798e-03 -8.341183144981040038e-04 -8.320061592449058685e-03 1.122437328251568722e-02 3.056514171198892061e-03
7.426893895554595275e-03 5.939173095809879843e-03 2.136165889335403262e-03 2.014027279644473208e-03 -2.974548139070774463e-03 -8.802606053127959643e-03 3.056514171198892061e-03 -8.670497547059414362e-03
