1.744500197925415511e-02 1.130642608326423541e-02 9.002410332415462096e-03 -6.977460869555264164e-03 1.659526828045234173e-02 1.945683147593046426e-03 -2.057477081504342168e-03 5.879880555572055030e-03
1.130642608326423541e-02 2.255729281753614951e-03 -6.731459796836900683e-03 4.257743447539653371e-03 4.064172447475904865e-03 -1.373666185765143495e-02 1.115455313835394743e-02 4.052803649797312967e-03
9.002410332415462096e-03 -6.731459796836900683e-03 -3.115574263257075288e-03 1.927529712994010169e-04 9.876121694512549759e-03 4.289285576608349061e-04 4.992468656736896541e-03 1.290766252180476116e-02
-6.977460869555264164e-03 4.257743447539653371e-03 1.927529712994010169e-04 1.566606432259702933e-02 2.465512495531438798e-03 -1.677618117234301945e-02 6.155185544830824203e-03 -4.452279555839889699e-03
1.659526828045234173e-02 4.064172447475904865e-03 9.876121694512549759e-03 2.465512495531438798e-03 -8.341183144981040038e-04 -8.320061592449058685e-03 1.122437328251568722e-02 3.056514171198892061e-03
1.945683147593046426e-03 -1.373666185765143495e-02 4.289285576608349061e-04 -1.677618117234301945e-02 -8.320061592449058685e-03 5.165579128874506556e-03 1.835960143135921194e-02 5.656811193654654249e-03
-2.057477081504342168e-03 1.115455313835394743e-02 4.992468656736896541e-03 6.155185544830824203e-03 1.122437328251568722e-02 1.835960143135921194e-02 8.040276600344726035e-03 1.787564648401403222e-02
5.879880555572055030e-03 4.052803649797312967e-03 1.290766252180476116e-02 -4.452279555839889699e-03 3.056514171198892061e-03 5.656811193654654249e-03 1.787564648401403222e-02 1.000445747029778294e-02
