-2.306556777410413706e-02 -3.742216042380718324e-03 1.151430960660366869e-02 5.401082825261877690e-03 2.334849394579014380e-03 -6.435175523744616696e-03 1.945683147593046426e-03 2.098857672893832474e-02
-3.742216042380718324e-03 8.156462184006247479e-03 1.109285874723573741e-03 -6.572663039043187376e-03 1.221670774292327524e-02 4.280517524652286201e-04 -1.373666185765143495e-02 3.178024612088902346e-03
1.151430960660366869e-02 1.109285874723573741e-03 6.769299869253593907e-03 -1.314264436530722261e-03 -1.764643120781078265e-03 -2.416032515127414931e-03 4.289285576608349061e-04 -2.244403389054130341e-03
5.401082825261877690e-03 -6.572663039043187376e-03 -1.314264436530722261e-03 4.809222282823457512e-03 -2.045870786733327770e-03 -6.520784452572420467e-03 -1.677618117234301945e-02 8.267394835865365596e-03
2.334849394579014380e-03 1.221670774292327524e-02 -1.764643120781078265e-03 -2.045870786733327770e-03 -6.786219378652852581e-03 -1.469550411311735041e-02 -8.320061592449058685e-03 -8.802606053127959643e-03
-6.435175523744616696e-03 4.280517524652286201e-04 -2.416032515127414931e-03 -6.520784452572420467e-03 -1.469550411311735041e-02 7.193479145532597277e-03 5.165579128874506556e-03 -2.783517928722161611e-02
1.945683147593046426e-03 -1.373666185765143495e-02 4.289285576608349061e-04 -1.677618117234301945e-02 -8.320061592449058685e-03 5.165579128874506556e-03 1.835960143135921194e-02 5.656811193654654249e-03
2.098857672893832474e-02 3.178024612088902346e-03 -2.244403389054130341e-03 8.267394835865365596e-03 -8.802606053127959643e-03 -2.783517928722161611e-02 5.656811193654654249e-03 -4.477343125925658737e-03
