-1.064120498687015637e-02 -2.076289509846398693e-02 5.718781206116381813e-03 -9.506423662465318669e-03 -2.662176253118331889e-03 5.401082825261877690e-03 -6.977460869555264164e-03 -3.940711390882289597e-03
-2.076289509846398693e-02 -1.996378409586048105e-02 4.262266527503000280e-03 2.186824127606167359e-03 -3.722938850980271781e-03 -6.572663039043187376e-03 4.257743447539653371e-03 7.244742538647880401e-04
5.718781206116381813e-03 4.262266527503000280e-03 6.290937416070375120e-03 -7.832562473136181220e-04 -1.343754650003466805e-03 -1.314264436530722261e-03 1.927529712994010169e-04 -1.125409371765652769e-02
-9.506423662465318669e-03 2.186824127606167359e-03 -7.832562473136181220e-04 1.633326417295106288e-03 1.616252262779901624e-02 4.809222282823457512e-03 1.566606432259702933e-02 1.063886790395224746e-03
-2.662176253118331889e-03 -3.722938850980271781e-03 -1.343754650003466805e-03 1.616252262779901624e-02 -7.042970554208339770e-03 -2.045870786733327770e-03 2.465512495531438798e-03 2.014027279644473208e-03
5.401082825261877690e-03 -6.572663039043187376e-03 -1.314264436530722261e-03 4.809222282823457512e-03 -2.045870786733327770e-03 -6.520784452572420467e-03 -1.677618117234301945e-02 8.267394835865365596e-03
-6.977460869555264164e-03 4.257743447539653371e-03 1.927529712994010169e-04 1.566606432259702933e-02 2.465512495531438798e-03 -1.677618117234301945e-02 6.155185544830824203e-03 -4.452279555839889699e-03
-3.940711390882289597e-03 7.244742538647880401e-04 -1.125409371765652769e-02 1.063886790395224746e-03 2.014027279644473208e-03 8.267394835865365596e-03 -4.452279555839889699e-03 -1.044587881762811497e-02
