-7.645463356230236193e-03 -1.096621200576879986e-02 5.049591548416175295e-03 -3.940711390882289597e-03 7.426893895554595275e-03 2.098857672893832474e-02 5.879880555572055030e-03 -2.986646489673467925e-03
-1.096621200576879986e-02 7.548261792645600751e-03 3.728252531621520285e-03 7.244742538647880401e-04 5.939173095809879843e-03 3.178024612088902346e-03 4.052803649797312967e-03 3.379690748667405712e-03
5.049591548416175295e-03 3.728252531621520285e-03 -2.438092439401860073e-02 -1.125409371765652769e-02 2.136165889335403262e-03 -2.244403389054130341e-03 1.290766252180476116e-02 3.695172605247510570e-03
-3.940711390882289597e-03 7.244742538647880401e-04 -1.125409371765652769e-02 1.063886790395224746e-03 2.014027279644473208e-03 8.267394835865365596e-03 -4.452279555839889699e-03 -1.044587881762811497e-02
7.426893895554595275e-03 5.939173095809879843e-03 2.136165889335403262e-03 2.014027279644473208e-03 -2.974548139070774463e-03 -8.802606053127959643e-03 3.056514171198892061e-03 -8.670497547059414362e-03
2.098857672893832474e-02 3.178024612088902346e-03 -2.244403389054130341e-03 8.267394835865365596e-03 -8.802606053127959643e-03 -2.783517928722161611e-02 5.656811193654654249e-03 -4.477343125925658737e-03
5.879880555572055030e-03 4.052803649797312967e-03 1.290766252180476116e-02 -4.452279555839889699e-03 3.056514171198892061e-03 5.656811193654654249e-03 1.787564648401403222e-02 1.000445747029778294e-02
-2.986646489673467925e-03 3.379690748667405712e-03 3.695172605247510570e-03 -1.044587881762811497e-02 -8.670497547059414362e-03 -4.477343125925658737e-03 1.000445747029778294e-02 1.967895716556308534e-03
