-5.238588688251313331e-03 1.453191737520990318e-02 3.652875333186509613e-04 5.718781206116381813e-03 -1.099980298205658312e-02 1.151430960660366869e-02 9.002410332415462096e-03 5.049591548416175295e-03
1.453191737520990318e-02 3.230837197223650897e-03 1.913794374950043798e-03 4.262266527503000280e-03 2.014678010372429693e-03 1.109285874723573741e-03 -6.731459796836900683e-03 3.728252531621520285e-03
3.652875333186509613e-04 1.913794374950043798e-03 8.115740920356631811e-04 6.290937416070375120e-03 2.342861329938468375e-03 6.769299869253593907e-03 -3.115574263257075288e-03 -2.438092439401860073e-02
5.718781206116381813e-03 4.262266527503000280e-03 6.290937416070375120e-03 -7.832562473136181220e-04 -1.343754650003466805e-03 -1.314264436530722261e-03 1.927529712994010169e-04 -1.125409371765652769e-02
-1.099980298205658312e-02 2.014678010372429693e-03 2.342861329938468375e-03 -1.343754650003466805e-03 4.940072867235046142e-03 -1.764643120781078265e-03 9.876121694512549759e-03 2.136165889335403262e-03
1.151430960660366869e-02 1.109285874723573741e-03 6.769299869253593907e-03 -1.314264436530722261e-03 -1.764643120781078265e-03 -2.416032515127414931e-03 4.289285576608349061e-04 -2.244403389054130341e-03
9.002410332415462096e-03 -6.731459796836900683e-03 -3.115574263257075288e-03 1.927529712994010169e-04 9.876121694512549759e-03 4.289285576608349061e-04 4.992468656736896541e-03 1.290766252180476116e-02
5.049591548416175295e-03 3.728252531621520285e-03 -2.438092439401860073e-02 -1.125409371765652769e-02 2.136165889335403262e-03 -2.244403389054130341e-03 1.290766252180476116e-02 3.695172605247510570e-03
