1.616769452181922653e-02 -6.058670077768607033e-03 -5.238588688251313331e-03 -1.064120498687015637e-02 8.671318692399511766e-03 -2.306556777410413706e-02 1.744500197925415511e-02 -7.645463356230236193e-03
-6.058670077768607033e-03 -2.639806390011697600e-03 1.453191737520990318e-02 -2.076289509846398693e-02 -3.205477205468701494e-03 -3.742216042380718324e-03 1.130642608326423541e-02 -1.096621200576879986e-02
-5.238588688251313331e-03 1.453191737520990318e-02 3.652875333186509613e-04 5.718781206116381813e-03 -1.099980298205658312e-02 1.151430960660366869e-02 9.002410332415462096e-03 5.049591548416175295e-03
-1.064120498687015637e-02 -2.076289509846398693e-02 5.718781206116381813e-03 -9.506423662465318669e-03 -2.662176253118331889e-03 5.401082825261877690e-03 -6.977460869555264164e-03 -3.940711390882289597e-03
8.671318692399511766e-03 -3.205477205468701494e-03 -1.099980298205658312e-02 -2.662176253118331889e-03 -1.117970468850438756e-02 2.334849394579014380e-03 1.659526828045234173e-02 7.426893895554595275e-03
-2.306556777410413706e-02 -3.742216042380718324e-03 1.151430960660366869e-02 5.401082825261877690e-03 2.334849394579014380e-03 -6.435175523744616696e-03 1.945683147593046426e-03 2.098857672893832474e-02
1.744500197925415511e-02 1.130642608326423541e-02 9.002410332415462096e-03 -6.977460869555264164e-03 1.659526828045234173e-02 1.945683147593046426e-03 -2.057477081504342168e-03 5.879880555572055030e-03
-7.645463356230236193e-03 -1.096621200576879986e-02 5.049591548416175295e-03 -3.940711390882289597e-03 7.426893895554595275e-03 2.098857672893832474e-02 5.879880555572055030e-03 -2.986646489673467925e-03
