-6.058670077768607033e-03 -2.639806390011697600e-03 1.453191737520990318e-02 -2.076289509846398693e-02 -3.205477205468701494e-03 -3.742216042380718324e-03 1.130642608326423541e-02 -1.096621200576879986e-02
-2.639806390011697600e-03 8.886151777212109026e-03 3.230837197223650897e-03 -1.996378409586048105e-02 -3.004614554928828219e-03 8.156462184006247479e-03 2.255729281753614951e-03 7.548261792645600751e-03
1.453191737520990318e-02 3.230837197223650897e-03 1.913794374950043798e-03 4.262266527503000280e-03 2.014678010372429693e-03 1.109285874723573741e-03 -6.731459796836900683e-03 3.728252531621520285e-03
-2.076289509846398693e-02 -1.996378409586048105e-02 4.262266527503000280e-03 2.186824127606167359e-03 -3.722938850980271781e-03 -6.572663039043187376e-03 4.257743447539653371e-03 7.244742538647880401e-04
-3.205477205468701494e-03 -3.004614554928828219e-03 2.014678010372429693e-03 -3.722938850980271781e-03 -4.501046394206658502e-03 1.221670774292327524e-02 4.064172447475904865e-03 5.939173095809879843e-03
-3.742216042380718324e-03 8.156462184006247479e-03 1.109285874723573741e-03 -6.572663039043187376e-03 1.221670774292327524e-02 4.280517524652286201e-04 -1.373666185765143495e-02 3.178024612088902346e-03
1.130642608326423541e-02 2.255729281753614951e-03 -6.731459796836900683e-03 4.257743447539653371e-03 4.064172447475904865e-03 -1.373666185765143495e-02 1.115455313835394743e-02 4.052803649797312967e-03
-1.096621200576879986e-02 7.548261792645600751e-03 3.728252531621520285e-03 7.244742538647880401e-04 5.939173095809879843e-03 3.178024612088902346e-03 4.052803649797312967e-03 3.379690748667405712e-03
